isoFit version: isoFit0.1
No.	T(C)	P(bars)	Xalm	Xprp	Xsps	Xgrs	Mg#	Fe#	obs_Xalm	obs_Xprp	obs_Xsps	obs_Xgrs	obs_Mg#	obs_Fe#	GrtVolCC	GrtCumulMode	blk_Si	blk_Al	blk_Fe	blk_Mg	blk_Mn	blk_Ca	blk_Na	blk_K	blk_Ti	blk_H
1	547.82923000	4822.87090000	0.71587433	0.061566586	0.11568660	0.10687248	0.079191338	0.92080866	0.70970000	0.065600000	0.11450000	0.11020000	0.084612408	0.91538759	19.41743926	1.029219726	49.6703540	24.3202360	4.05006040	2.36826210	0.0429252630	0.329106150	2.25000000	6.13000000	0.820000000	60.0000000
2	547.41572000	4844.14380000	1000.0000	0.00000000	0.00000000	0.00000000	0.00000000	1.0000000	0.70690000	0.064800000	0.11280000	0.11540000	0.083970455	0.91602955	0.0000000000	1.029228150	49.6558530	24.3105690	4.03967960	2.36736930	0.0412477050	0.327556400	2.25000000	6.13000000	0.820000000	60.0000000
3	546.10573000	5075.67960000	1000.0000	0.00000000	0.00000000	0.00000000	0.00000000	1.0000000	0.70050000	0.063800000	0.12010000	0.11560000	0.083475075	0.91652492	0.0000000000	1.029452746	49.6558530	24.3105690	4.03967960	2.36736930	0.0412477050	0.327556400	2.25000000	6.13000000	0.820000000	60.0000000
4	544.25023000	5300.00010000	1000.0000	0.00000000	0.00000000	0.00000000	0.00000000	1.0000000	0.70410000	0.064200000	0.11580000	0.11580000	0.083561109	0.91643889	0.0000000000	1.029667120	49.6558530	24.3105690	4.03967960	2.36736930	0.0412477050	0.327556400	2.25000000	6.13000000	0.820000000	60.0000000
5	542.32597000	5485.89700000	1000.0000	0.00000000	0.00000000	0.00000000	0.00000000	1.0000000	0.70260000	0.062500000	0.11380000	0.12110000	0.081688668	0.91831133	0.0000000000	1.029844659	49.6558530	24.3105690	4.03967960	2.36736930	0.0412477050	0.327556400	2.25000000	6.13000000	0.820000000	60.0000000
6	539.98326000	5695.70330000	1000.0000	0.00000000	0.00000000	0.00000000	0.00000000	1.0000000	0.69990000	0.064100000	0.11320000	0.12280000	0.083900524	0.91609948	0.0000000000	1.030052475	49.6558530	24.3105690	4.03967960	2.36736930	0.0412477050	0.327556400	2.25000000	6.13000000	0.820000000	60.0000000
7	537.80507000	5863.63050000	1000.0000	0.00000000	0.00000000	0.00000000	0.00000000	1.0000000	0.70370000	0.062600000	0.11390000	0.11990000	0.081691244	0.91830876	0.0000000000	1.030218067	49.6558530	24.3105690	4.03967960	2.36736930	0.0412477050	0.327556400	2.25000000	6.13000000	0.820000000	60.0000000
8	535.04279000	6030.80520000	1000.0000	0.00000000	0.00000000	0.00000000	0.00000000	1.0000000	0.70560000	0.062500000	0.11360000	0.11830000	0.081369613	0.91863039	0.0000000000	1.030371519	49.6558530	24.3105690	4.03967960	2.36736930	0.0412477050	0.327556400	2.25000000	6.13000000	0.820000000	60.0000000
9	546.41272000	5032.13620000	1000.0000	0.00000000	0.00000000	0.00000000	0.00000000	1.0000000	0.69910000	0.062800000	0.11920000	0.11890000	0.082425515	0.91757448	0.0000000000	1.029411322	49.6558530	24.3105690	4.03967960	2.36736930	0.0412477050	0.327556400	2.25000000	6.13000000	0.820000000	60.0000000
10	544.21835000	5288.93950000	1000.0000	0.00000000	0.00000000	0.00000000	0.00000000	1.0000000	0.69090000	0.062600000	0.11570000	0.13080000	0.083078965	0.91692104	0.0000000000	1.029651886	49.6558530	24.3105690	4.03967960	2.36736930	0.0412477050	0.327556400	2.25000000	6.13000000	0.820000000	60.0000000
11	541.66137000	5516.57580000	1000.0000	0.00000000	0.00000000	0.00000000	0.00000000	1.0000000	0.69330000	0.060800000	0.11330000	0.13260000	0.080625912	0.91937409	0.0000000000	1.029863721	49.6558530	24.3105690	4.03967960	2.36736930	0.0412477050	0.327556400	2.25000000	6.13000000	0.820000000	60.0000000
12	539.58966000	5733.42480000	1000.0000	0.00000000	0.00000000	0.00000000	0.00000000	1.0000000	0.69870000	0.062400000	0.11320000	0.12570000	0.081986598	0.91801340	0.0000000000	1.030092037	49.6558530	24.3105690	4.03967960	2.36736930	0.0412477050	0.327556400	2.25000000	6.13000000	0.820000000	60.0000000
13	537.03311000	5908.07790000	1000.0000	0.00000000	0.00000000	0.00000000	0.00000000	1.0000000	0.69750000	0.061400000	0.11170000	0.12940000	0.080906575	0.91909342	0.0000000000	1.030257095	49.6558530	24.3105690	4.03967960	2.36736930	0.0412477050	0.327556400	2.25000000	6.13000000	0.820000000	60.0000000
14	533.49937000	6114.90780000	1000.0000	0.00000000	0.00000000	0.00000000	0.00000000	1.0000000	0.68790000	0.061600000	0.10830000	0.14230000	0.082188125	0.91781187	0.0000000000	1.030446157	49.6558530	24.3105690	4.03967960	2.36736930	0.0412477050	0.327556400	2.25000000	6.13000000	0.820000000	60.0000000
15	545.59837000	5324.68650000	0.70314573	0.056463570	0.10699368	0.13339702	0.074332385	0.92566762	0.69600000	0.059800000	0.10580000	0.13850000	0.079121461	0.92087854	0.8697777670	1.076111497	49.6362190	24.2974800	4.02608120	2.36631550	0.0391101300	0.324712230	2.25000000	6.13000000	0.820000000	60.0000000
16	542.71311000	5574.33590000	1000.0000	0.00000000	0.00000000	0.00000000	0.00000000	1.0000000	0.69520000	0.060500000	0.10450000	0.13980000	0.080058224	0.91994178	0.0000000000	1.076353589	49.6336910	24.2957950	4.02430390	2.36617280	0.0388396940	0.324375060	2.25000000	6.13000000	0.820000000	60.0000000
17	539.93927000	5820.96330000	1000.0000	0.00000000	0.00000000	0.00000000	0.00000000	1.0000000	0.69450000	0.061200000	0.10320000	0.14100000	0.080984518	0.91901548	0.0000000000	1.076615087	49.6336910	24.2957950	4.02430390	2.36617280	0.0388396940	0.324375060	2.25000000	6.13000000	0.820000000	60.0000000
18	536.65122000	6038.16180000	1000.0000	0.00000000	0.00000000	0.00000000	0.00000000	1.0000000	0.69380000	0.061900000	0.10200000	0.14230000	0.081910811	0.91808919	0.0000000000	1.076831785	49.6336910	24.2957950	4.02430390	2.36617280	0.0388396940	0.324375060	2.25000000	6.13000000	0.820000000	60.0000000
19	546.24956000	5240.94750000	1000.0000	0.00000000	0.00000000	0.00000000	0.00000000	1.0000000	0.69670000	0.063500000	0.10670000	0.13300000	0.083530650	0.91646935	0.0000000000	1.076024241	49.6336910	24.2957950	4.02430390	2.36617280	0.0388396940	0.324375060	2.25000000	6.13000000	0.820000000	60.0000000
20	543.59384000	5505.60480000	1000.0000	0.00000000	0.00000000	0.00000000	0.00000000	1.0000000	0.69320000	0.062300000	0.10750000	0.13700000	0.082461946	0.91753805	0.0000000000	1.076287692	49.6336910	24.2957950	4.02430390	2.36617280	0.0388396940	0.324375060	2.25000000	6.13000000	0.820000000	60.0000000
21	539.91413000	5836.00760000	0.67425796	0.048687470	0.10303737	0.17401720	0.067345982	0.93265402	0.68110000	0.060800000	0.10090000	0.15710000	0.081951746	0.91804825	0.01650805600	1.077516879	49.6336910	24.2957950	4.02430390	2.36617280	0.0388396940	0.324375060	2.25000000	6.13000000	0.820000000	60.0000000
22	536.31830000	6107.23380000	0.65585156	0.044459742	0.098266820	0.20142188	0.063485685	0.93651432	0.68910000	0.060800000	0.095100000	0.15500000	0.081077477	0.91892252	0.3710625940	1.097610003	49.6254660	24.2903120	4.01884570	2.36579270	0.0380124150	0.322815820	2.25000000	6.13000000	0.820000000	60.0000000
23	545.35545000	5680.95070000	0.69984602	0.054460737	0.092834099	0.15285915	0.072199720	0.92780028	0.69210000	0.059800000	0.090300000	0.15780000	0.079531853	0.92046815	1.656251219	1.185678527	49.5854870	24.2636600	3.99162980	2.36379580	0.0341633320	0.315899060	2.25000000	6.13000000	0.820000000	60.0000000
24	542.25869000	5968.57500000	0.68395881	0.050220975	0.088818258	0.17700195	0.068404191	0.93159581	0.69500000	0.058800000	0.085400000	0.16070000	0.078004776	0.92199522	0.3618372550	1.205358564	49.5739310	24.2559560	3.98361720	2.36318670	0.0331073440	0.314020830	2.25000000	6.13000000	0.820000000	60.0000000
25	538.82503000	6180.96570000	1000.0000	0.00000000	0.00000000	0.00000000	0.00000000	1.0000000	0.70210000	0.061100000	0.083300000	0.15350000	0.080057652	0.91994235	0.0000000000	1.205596107	49.5725190	24.2550140	3.98265110	2.36311580	0.0329818930	0.313770820	2.25000000	6.13000000	0.820000000	60.0000000
26	534.86094000	6448.51810000	0.64626374	0.041943488	0.080237215	0.23155556	0.060946015	0.93905399	0.70520000	0.063000000	0.079000000	0.15280000	0.082009893	0.91799011	0.8457902570	1.251146352	49.5541430	24.2427640	3.97061080	2.36231100	0.0314475330	0.309774810	2.25000000	6.13000000	0.820000000	60.0000000
27	517.61768000	7208.16150000	0.55798508	0.027904557	0.050432033	0.36367834	0.047627668	0.95237233	0.70830000	0.064900000	0.074700000	0.15200000	0.083936886	0.91606311	5.854588270	1.565766886	49.4128540	24.1485710	3.88725640	2.35771860	0.0224857260	0.265394580	2.25000000	6.13000000	0.820000000	60.0000000
28	515.32127000	7241.77050000	0.54697983	0.026529947	0.049060260	0.37742996	0.046258927	0.95374107	0.71940000	0.064800000	0.070600000	0.14520000	0.082631982	0.91736802	0.1899825750	1.575928386	49.4009070	24.1406060	3.88060660	2.35738730	0.0218851920	0.261029050	2.25000000	6.13000000	0.820000000	60.0000000
29	510.93917000	7342.52030000	1000.0000	0.00000000	0.00000000	0.00000000	0.00000000	1.0000000	0.72020000	0.066200000	0.066900000	0.14670000	0.084181078	0.91581892	0.4428211920	1.601801418	49.3879790	24.1319870	3.87359820	2.35705190	0.0212649430	0.256065190	2.25000000	6.13000000	0.820000000	60.0000000
30	483.23079000	12155.59800000	0.51892562	0.017416341	0.072257377	0.39140066	0.032472457	0.96752754	0.71980000	0.066700000	0.065900000	0.14770000	0.084806103	0.91519390	7.959463796	2.046527512	49.1903330	24.0002230	3.76896650	2.35285740	0.00769067980	0.180819190	2.25000000	6.13000000	0.820000000	60.0000000
31	472.57403000	12846.30000000	0.49862705	0.015380257	0.073950507	0.41204219	0.029922255	0.97007774	0.71930000	0.067200000	0.064800000	0.14860000	0.085441831	0.91455817	0.01816555960	2.050665641	49.1881670	23.9987790	3.76784890	2.35282030	0.00753356820	0.179964760	2.25000000	6.13000000	0.820000000	60.0000000
32	459.70210000	13763.80000000	0.47849129	0.013207407	0.066331717	0.44196959	0.026860773	0.97313923	0.71880000	0.067800000	0.063800000	0.14960000	0.086193745	0.91380625	0.6195361680	2.088455479	49.1731230	23.9887500	3.76051270	2.35260680	0.00647634430	0.173527810	2.25000000	6.13000000	0.820000000	60.0000000
33	459.70210000	13763.80000000	1000.0000	0.00000000	0.00000000	0.00000000	0.00000000	1.0000000	0.72270000	0.070900000	0.052300000	0.15410000	0.089339718	0.91066028	0.0000000000	2.088455497	49.1725480	23.9883670	3.76023750	2.35259920	0.00643819230	0.173273600	2.25000000	6.13000000	0.820000000	60.0000000
34	459.70210000	13763.80000000	1000.0000	0.00000000	0.00000000	0.00000000	0.00000000	1.0000000	0.73210000	0.072400000	0.051100000	0.14440000	0.089993785	0.91000622	0.0000000000	2.088455497	49.1725480	23.9883670	3.76023740	2.35259920	0.00643817720	0.173273500	2.25000000	6.13000000	0.820000000	60.0000000
35	459.70210000	13763.80000000	1000.0000	0.00000000	0.00000000	0.00000000	0.00000000	1.0000000	0.73380000	0.075800000	0.047900000	0.14240000	0.093626482	0.90637352	0.0000000000	2.088455497	49.1725480	23.9883670	3.76023740	2.35259920	0.00643817720	0.173273500	2.25000000	6.13000000	0.820000000	60.0000000
36	459.70210000	13763.80000000	1000.0000	0.00000000	0.00000000	0.00000000	0.00000000	1.0000000	0.74890000	0.074400000	0.040100000	0.13650000	0.090368031	0.90963197	0.0000000000	2.088455497	49.1725480	23.9883670	3.76023740	2.35259920	0.00643817720	0.173273500	2.25000000	6.13000000	0.820000000	60.0000000
37	459.70210000	13763.80000000	1000.0000	0.00000000	0.00000000	0.00000000	0.00000000	1.0000000	0.74650000	0.079800000	0.035100000	0.13860000	0.096575094	0.90342491	0.0000000000	2.088455497	49.1725480	23.9883670	3.76023740	2.35259920	0.00643817720	0.173273500	2.25000000	6.13000000	0.820000000	60.0000000
38	459.70210000	13763.80000000	1000.0000	0.00000000	0.00000000	0.00000000	0.00000000	1.0000000	0.74680000	0.081600000	0.033100000	0.13860000	0.098503139	0.90149686	0.0000000000	2.088455497	49.1725480	23.9883670	3.76023740	2.35259920	0.00643817720	0.173273500	2.25000000	6.13000000	0.820000000	60.0000000
39	459.70210000	13763.80000000	1000.0000	0.00000000	0.00000000	0.00000000	0.00000000	1.0000000	0.74710000	0.083300000	0.031100000	0.13850000	0.10031310	0.89968690	0.0000000000	2.088455497	49.1725480	23.9883670	3.76023740	2.35259920	0.00643817720	0.173273500	2.25000000	6.13000000	0.820000000	60.0000000
40	459.70210000	13763.80000000	1000.0000	0.00000000	0.00000000	0.00000000	0.00000000	1.0000000	0.75690000	0.082100000	0.026600000	0.13440000	0.097854589	0.90214541	0.0000000000	2.088455497	49.1725480	23.9883670	3.76023740	2.35259920	0.00643817720	0.173273500	2.25000000	6.13000000	0.820000000	60.0000000
41	459.70210000	13763.80000000	1000.0000	0.00000000	0.00000000	0.00000000	0.00000000	1.0000000	0.76220000	0.082800000	0.024000000	0.13100000	0.097988166	0.90201183	0.0000000000	2.088455497	49.1725480	23.9883670	3.76023740	2.35259920	0.00643817720	0.173273500	2.25000000	6.13000000	0.820000000	60.0000000
42	459.70210000	13763.80000000	1000.0000	0.00000000	0.00000000	0.00000000	0.00000000	1.0000000	0.76740000	0.083600000	0.021400000	0.12760000	0.098237368	0.90176263	0.0000000000	2.088455497	49.1725480	23.9883670	3.76023740	2.35259920	0.00643817720	0.173273500	2.25000000	6.13000000	0.820000000	60.0000000
43	459.70210000	13763.80000000	1000.0000	0.00000000	0.00000000	0.00000000	0.00000000	1.0000000	0.77470000	0.089100000	0.017400000	0.11870000	0.10314888	0.89685112	0.0000000000	2.088455497	49.1725480	23.9883670	3.76023740	2.35259920	0.00643817720	0.173273500	2.25000000	6.13000000	0.820000000	60.0000000
44	459.70210000	13763.80000000	1000.0000	0.00000000	0.00000000	0.00000000	0.00000000	1.0000000	0.78430000	0.089500000	0.015700000	0.11050000	0.10242618	0.89757382	0.0000000000	2.088455497	49.1725480	23.9883670	3.76023740	2.35259920	0.00643817720	0.173273500	2.25000000	6.13000000	0.820000000	60.0000000
45	459.70210000	13763.80000000	1000.0000	0.00000000	0.00000000	0.00000000	0.00000000	1.0000000	0.78300000	0.090900000	0.014700000	0.11130000	0.10401648	0.89598352	0.0000000000	2.088455497	49.1725480	23.9883670	3.76023740	2.35259920	0.00643817720	0.173273500	2.25000000	6.13000000	0.820000000	60.0000000
46	459.70210000	13763.80000000	1000.0000	0.00000000	0.00000000	0.00000000	0.00000000	1.0000000	0.78170000	0.092400000	0.013700000	0.11220000	0.10570873	0.89429127	0.0000000000	2.088455497	49.1725480	23.9883670	3.76023740	2.35259920	0.00643817720	0.173273500	2.25000000	6.13000000	0.820000000	60.0000000
47	459.70210000	13763.80000000	1000.0000	0.00000000	0.00000000	0.00000000	0.00000000	1.0000000	0.78180000	0.097200000	0.012500000	0.10840000	0.11058020	0.88941980	0.0000000000	2.088455497	49.1725480	23.9883670	3.76023740	2.35259920	0.00643817720	0.173273500	2.25000000	6.13000000	0.820000000	60.0000000
48	459.70210000	13763.80000000	1000.0000	0.00000000	0.00000000	0.00000000	0.00000000	1.0000000	0.78280000	0.097300000	0.012100000	0.10770000	0.11055562	0.88944438	0.0000000000	2.088455497	49.1725480	23.9883670	3.76023740	2.35259920	0.00643817720	0.173273500	2.25000000	6.13000000	0.820000000	60.0000000
49	459.70210000	13763.80000000	1000.0000	0.00000000	0.00000000	0.00000000	0.00000000	1.0000000	0.78380000	0.097400000	0.011700000	0.10700000	0.11053109	0.88946891	0.0000000000	2.088455497	49.1725480	23.9883670	3.76023740	2.35259920	0.00643817720	0.173273500	2.25000000	6.13000000	0.820000000	60.0000000
50	459.70210000	13763.80000000	1000.0000	0.00000000	0.00000000	0.00000000	0.00000000	1.0000000	0.78480000	0.097500000	0.011400000	0.10630000	0.11050663	0.88949337	0.0000000000	2.088455497	49.1725480	23.9883670	3.76023740	2.35259920	0.00643817720	0.173273500	2.25000000	6.13000000	0.820000000	60.0000000
51	459.70210000	13763.80000000	1000.0000	0.00000000	0.00000000	0.00000000	0.00000000	1.0000000	0.78580000	0.097700000	0.011000000	0.10550000	0.11058291	0.88941709	0.0000000000	2.088455497	49.1725480	23.9883670	3.76023740	2.35259920	0.00643817720	0.173273500	2.25000000	6.13000000	0.820000000	60.0000000
52	459.70210000	13763.80000000	1000.0000	0.00000000	0.00000000	0.00000000	0.00000000	1.0000000	0.78680000	0.097800000	0.010600000	0.10480000	0.11055844	0.88944156	0.0000000000	2.088455497	49.1725480	23.9883670	3.76023740	2.35259920	0.00643817720	0.173273500	2.25000000	6.13000000	0.820000000	60.0000000
53	459.70210000	13763.80000000	1000.0000	0.00000000	0.00000000	0.00000000	0.00000000	1.0000000	0.78780000	0.097900000	0.010200000	0.10410000	0.11053404	0.88946596	0.0000000000	2.088455497	49.1725480	23.9883670	3.76023740	2.35259920	0.00643817720	0.173273500	2.25000000	6.13000000	0.820000000	60.0000000
54	459.70210000	13763.80000000	1000.0000	0.00000000	0.00000000	0.00000000	0.00000000	1.0000000	0.78340000	0.096100000	0.0090000000	0.11150000	0.10926663	0.89073337	0.0000000000	2.088455497	49.1725480	23.9883670	3.76023740	2.35259920	0.00643817720	0.173273500	2.25000000	6.13000000	0.820000000	60.0000000
55	459.70210000	13763.80000000	1000.0000	0.00000000	0.00000000	0.00000000	0.00000000	1.0000000	0.77890000	0.094400000	0.0078000000	0.11900000	0.10809573	0.89190427	0.0000000000	2.088455497	49.1725480	23.9883670	3.76023740	2.35259920	0.00643817720	0.173273500	2.25000000	6.13000000	0.820000000	60.0000000
56	459.70210000	13763.80000000	1000.0000	0.00000000	0.00000000	0.00000000	0.00000000	1.0000000	0.77920000	0.095100000	0.0076000000	0.11810000	0.10877273	0.89122727	0.0000000000	2.088455497	49.1725480	23.9883670	3.76023740	2.35259920	0.00643817720	0.173273500	2.25000000	6.13000000	0.820000000	60.0000000
57	459.70210000	13763.80000000	1000.0000	0.00000000	0.00000000	0.00000000	0.00000000	1.0000000	0.77950000	0.095800000	0.0074000000	0.11730000	0.10944819	0.89055181	0.0000000000	2.088455497	49.1725480	23.9883670	3.76023740	2.35259920	0.00643817720	0.173273500	2.25000000	6.13000000	0.820000000	60.0000000
58	459.70210000	13763.80000000	1000.0000	0.00000000	0.00000000	0.00000000	0.00000000	1.0000000	0.77980000	0.096500000	0.0072000000	0.11640000	0.11012210	0.88987790	0.0000000000	2.088455497	49.1725480	23.9883670	3.76023740	2.35259920	0.00643817720	0.173273500	2.25000000	6.13000000	0.820000000	60.0000000
59	459.70210000	13763.80000000	1000.0000	0.00000000	0.00000000	0.00000000	0.00000000	1.0000000	0.78020000	0.097200000	0.0070000000	0.11560000	0.11078186	0.88921814	0.0000000000	2.088455497	49.1725480	23.9883670	3.76023740	2.35259920	0.00643817720	0.173273500	2.25000000	6.13000000	0.820000000	60.0000000
60	459.70210000	13763.80000000	1000.0000	0.00000000	0.00000000	0.00000000	0.00000000	1.0000000	0.78050000	0.097900000	0.0068000000	0.11480000	0.11145264	0.88854736	0.0000000000	2.088455497	49.1725480	23.9883670	3.76023740	2.35259920	0.00643817720	0.173273500	2.25000000	6.13000000	0.820000000	60.0000000
61	459.70210000	13763.80000000	1000.0000	0.00000000	0.00000000	0.00000000	0.00000000	1.0000000	0.78080000	0.098700000	0.0066000000	0.11390000	0.11222285	0.88777715	0.0000000000	2.088455497	49.1725480	23.9883670	3.76023740	2.35259920	0.00643817720	0.173273500	2.25000000	6.13000000	0.820000000	60.0000000
62	459.70210000	13763.80000000	1000.0000	0.00000000	0.00000000	0.00000000	0.00000000	1.0000000	0.78120000	0.099400000	0.0064000000	0.11310000	0.11287758	0.88712242	0.0000000000	2.088455497	49.1725480	23.9883670	3.76023740	2.35259920	0.00643817720	0.173273500	2.25000000	6.13000000	0.820000000	60.0000000
63	459.70210000	13763.80000000	1000.0000	0.00000000	0.00000000	0.00000000	0.00000000	1.0000000	0.78150000	0.10010000	0.0062000000	0.11220000	0.11354356	0.88645644	0.0000000000	2.088455497	49.1725480	23.9883670	3.76023740	2.35259920	0.00643817720	0.173273500	2.25000000	6.13000000	0.820000000	60.0000000
64	459.70210000	13763.80000000	1000.0000	0.00000000	0.00000000	0.00000000	0.00000000	1.0000000	0.78180000	0.10080000	0.0060000000	0.11140000	0.11420802	0.88579198	0.0000000000	2.088455497	49.1725480	23.9883670	3.76023740	2.35259920	0.00643817720	0.173273500	2.25000000	6.13000000	0.820000000	60.0000000
65	459.70210000	13763.80000000	1000.0000	0.00000000	0.00000000	0.00000000	0.00000000	1.0000000	0.78220000	0.10150000	0.0058000000	0.11050000	0.11485798	0.88514202	0.0000000000	2.088455497	49.1725480	23.9883670	3.76023740	2.35259920	0.00643817720	0.173273500	2.25000000	6.13000000	0.820000000	60.0000000
66	459.70210000	13763.80000000	1000.0000	0.00000000	0.00000000	0.00000000	0.00000000	1.0000000	0.78650000	0.098800000	0.0045000000	0.11010000	0.11160059	0.88839941	0.0000000000	2.088455497	49.1725480	23.9883670	3.76023740	2.35259920	0.00643817720	0.173273500	2.25000000	6.13000000	0.820000000	60.0000000
67	459.70210000	13763.80000000	1000.0000	0.00000000	0.00000000	0.00000000	0.00000000	1.0000000	0.77670000	0.10410000	0.0052000000	0.11390000	0.11818801	0.88181199	0.0000000000	2.088455497	49.1725480	23.9883670	3.76023740	2.35259920	0.00643817720	0.173273500	2.25000000	6.13000000	0.820000000	60.0000000
68	459.70210000	13763.80000000	1000.0000	0.00000000	0.00000000	0.00000000	0.00000000	1.0000000	0.77710000	0.10430000	0.0048000000	0.11370000	0.11833447	0.88166553	0.0000000000	2.088455497	49.1725480	23.9883670	3.76023740	2.35259920	0.00643817720	0.173273500	2.25000000	6.13000000	0.820000000	60.0000000
69	459.70210000	13763.80000000	1000.0000	0.00000000	0.00000000	0.00000000	0.00000000	1.0000000	0.77750000	0.10460000	0.0044000000	0.11350000	0.11858066	0.88141934	0.0000000000	2.088455497	49.1725480	23.9883670	3.76023740	2.35259920	0.00643817720	0.173273500	2.25000000	6.13000000	0.820000000	60.0000000
70	459.70210000	13763.80000000	1000.0000	0.00000000	0.00000000	0.00000000	0.00000000	1.0000000	0.77790000	0.10480000	0.0040000000	0.11330000	0.11872663	0.88127337	0.0000000000	2.088455497	49.1725480	23.9883670	3.76023740	2.35259920	0.00643817720	0.173273500	2.25000000	6.13000000	0.820000000	60.0000000
71	459.70210000	13763.80000000	1000.0000	0.00000000	0.00000000	0.00000000	0.00000000	1.0000000	0.77830000	0.10500000	0.0036000000	0.11310000	0.11887241	0.88112759	0.0000000000	2.088455497	49.1725480	23.9883670	3.76023740	2.35259920	0.00643817720	0.173273500	2.25000000	6.13000000	0.820000000	60.0000000
72	459.70210000	13763.80000000	1000.0000	0.00000000	0.00000000	0.00000000	0.00000000	1.0000000	0.77730000	0.10610000	0.0031000000	0.11350000	0.12010414	0.87989586	0.0000000000	2.088455497	49.1725480	23.9883670	3.76023740	2.35259920	0.00643817720	0.173273500	2.25000000	6.13000000	0.820000000	60.0000000
73	459.70210000	13763.80000000	1000.0000	0.00000000	0.00000000	0.00000000	0.00000000	1.0000000	0.77630000	0.10730000	0.0026000000	0.11380000	0.12143504	0.87856496	0.0000000000	2.088455497	49.1725480	23.9883670	3.76023740	2.35259920	0.00643817720	0.173273500	2.25000000	6.13000000	0.820000000	60.0000000
74	459.70210000	13763.80000000	1000.0000	0.00000000	0.00000000	0.00000000	0.00000000	1.0000000	0.77560000	0.11060000	0.0025000000	0.11140000	0.12480253	0.87519747	0.0000000000	2.088455497	49.1725480	23.9883670	3.76023740	2.35259920	0.00643817720	0.173273500	2.25000000	6.13000000	0.820000000	60.0000000
75	459.70210000	13763.80000000	1000.0000	0.00000000	0.00000000	0.00000000	0.00000000	1.0000000	0.77490000	0.11390000	0.0023000000	0.10900000	0.12815032	0.87184968	0.0000000000	2.088455497	49.1725480	23.9883670	3.76023740	2.35259920	0.00643817720	0.173273500	2.25000000	6.13000000	0.820000000	60.0000000
76	459.70210000	13763.80000000	1000.0000	0.00000000	0.00000000	0.00000000	0.00000000	1.0000000	0.77230000	0.11580000	0.0023000000	0.10960000	0.13039072	0.86960928	0.0000000000	2.088455497	49.1725480	23.9883670	3.76023740	2.35259920	0.00643817720	0.173273500	2.25000000	6.13000000	0.820000000	60.0000000
77	459.70210000	13763.80000000	1000.0000	0.00000000	0.00000000	0.00000000	0.00000000	1.0000000	0.76970000	0.11770000	0.0023000000	0.11020000	0.13263466	0.86736534	0.0000000000	2.088455497	49.1725480	23.9883670	3.76023740	2.35259920	0.00643817720	0.173273500	2.25000000	6.13000000	0.820000000	60.0000000
